1.989e30
3.285e23
4.967e25
5.972e24
6.39e23
1.898e27
5.683e26
8.6849e25
1.024e26
7.342e22
8.958e20
-8.074327841694941E-06
-3.725217511481164E-06
2.325448967848458E-07
-5.137169516793444E-03
6.983299855954004E-03
6.057462903046038E-05
1.449291405719888E-02
-1.827765259617249E-02
-2.823248241000055E-03
-3.176293084594282E-01
-3.161184309540311E-01
2.324579306911361E-03
2.004342892467191E-02
-1.341908409616592E-03
-1.175244838741820E-03
-5.045585962890811E-02
-7.183332834232609E-01
-7.277242097534205E-03
1.671157447462403E-02
-2.700289160453826E-03
5.824994620501527E-07
-1.601628780716206E-01
-9.966051591509617E-01
1.102544734087047E-04
1.223764354247163E-02
8.849551026580525E-03
-1.146722346400340E-04
7.604677624850923E-01
-1.165066485435739E+00
-4.328057079261070E-02
7.029537038777072E-03
2.853229244535583E-03
-1.690714342107682E-04
1.705341949170244E+00
-4.869496044094564E+00
-1.795475506734141E-02
4.652759345938172E-03
2.532101808738509E-03
-2.293930487910554E-04
4.568910577877382E+00
-8.903395835510970E+00
-2.708098299127290E-02
-2.388074970251919E-03
2.963687068689659E-03
4.213596627021830E-05
1.584052114505656E+01
1.187548601597577E+01
-1.611099481036783E-01
5.940114776430491E-04
3.097117266024907E-03
-7.775939412356781E-05
2.934006870156765E+01
-5.855809639734187E+00
-5.555815243956886E-01
1.695277682863291E-02
-2.187979849573529E-03
-2.078160233904712E-05
-1.577157190376655E-01
-9.976382501635506E-01
-1.176323578276609E-04
6.037839150926329E-03
7.385490104984286E-03
-8.806930066949787E-04
2.275194256659004E+00
-1.844736378382702E+00
-4.785138675398960E-01