825.5
1.989e30
5.972e24
5.683e26
1.898e27
1.018617820600348E-02
1.998609427696851E-02
1.902888687234539E-03
8.620811898118265E-01
-5.362815775434949E-01
6.254085137328873E-04
8.029313610091777E-06
-1.570146617228189E-07
-2.179903584404378E-07
 2.246309216105666E-03
-4.396294848083473E-03
-6.077909636341005E-05
8.802784907564254E-03
1.455442742467161E-02
-3.999157551260068E-08
 8.615157791605411E-01
-5.382505307629882E-01
-8.406626961973767E-05
-3.810770594695837E-03
-4.350834041096856E-03
2.277862628513098E-04
-7.130666351091540E+00
5.772950943135804E+00
1.823885596759469E-01
-7.536246065039235E-03
1.568985796886243E-03
1.622843968576739E-04
8.230978906159968E-01
5.021217065564969E+00
-3.911622055956051E-02
