825.5
1.989e30
5.972e24
5.683e26
1.898e27
6.691403977335315E-03
2.202627662224282E-02
4.216890028880711E-04
9.703073590971770E-01 
-2.864904318339970E-01
1.066427909013482E-04
8.067421617009274E-06
3.673201792957197E-08
-2.197071568474863E-07
2.375093302282981E-03
-4.397270119725996E-03
-6.428130544954251E-05
4.590127149769456E-03
1.643984412766133E-02
8.985886924997390E-07
9.693422765732221E-01
-2.888759358488555E-01
-7.089083396940953E-05
-3.766914208115172E-03
-4.385970127923834E-03
2.266658054908204E-04
-7.191296394438012E+00
5.703064547398564E+00
1.860205210308839E-01
-7.563034994845861E-03
1.388374837453606E-03
1.636332584494625E-04
7.023077014266478E-01
5.044885802251890E+00
-3.650827909007669E-02